1602654803 1602655017
1602489929 1602492509
1602355750 1602356477
1602372320 1602373195
1602729820 1602730827
1602401470 1602401616
1602334414 1602335917
1602658385 1602659294
1602760547 1602760745
1602730827 1602732132
1602585599 1602585969
1602699896 1602702849
1602571819 1602574099
1602836760 1602839180
1602555529 1602555997
1602736852 1602740016
1602526921 1602528501
1602361625 1602362691
1602449096 1602449184
1602673728 1602676034
1602713722 1602715375
1602423442 1602425891
1602650058 1602650507
1602382175 1602382499
1602346340 1602346447