0 1602536629 1602538237
0 1602343651 1602344406
0 1602650434 1602650929
0 1602538747 1602541591
0 1602768339 1602772201
0 1602505440 1602507602
0 1602825192 1602827327
0 1602556423 1602558114
0 1602494770 1602497462
0 1602668295 1602668611
0 1602744394 1602745845
0 1602407995 1602410028
0 1602719245 1602719747
0 1602819827 1602820975
0 1602389351 1602390866
0 1602677678 1602678501
0 1602802617 1602802893
0 1602553407 1602554027
0 1602366906 1602366949
0 1602341873 1602342902
0 1602741901 1602741992
0 1602735517 1602735826
0 1602447781 1602451354
0 1602758238 1602759843
0 1602626204 1602627365
0 1602780102 1602780819
0 1602821525 1602822365
0 1602818108 1602819488
0 1602772201 1602772711
0 1602804887 1602807283
0 1602763084 1602764060
1 1602747118 1602749901
1 1602668252 1602669039
1 1602660493 1602661821
1 1602640402 1602640778
1 1602581795 1602583808
1 1602507147 1602509141
1 1602655487 1602658196
1 1602746350 1602747118
1 1602557059 1602558121
1 1602506761 1602507147
1 1602512929 1602513462
1 1602542829 1602543009
1 1602665388 1602665744
1 1602758254 1602759704
1 1602767698 1602768042
1 1602838273 1602841321
1 1602596617 1602598003
1 1602460247 1602463091
1 1602452771 1602452952
1 1602503060 1602503336
1 1602344544 1602346146
1 1602346901 1602349008
1 1602412021 1602412391
1 1602543009 1602546418
1 1602422552 1602423707
1 1602473028 1602473118
1 1602788892 1602789721
1 1602435007 1602438195
1 1602334265 1602339579
1 1602524159 1602526108
2 1602803894 1602808861
2 1602717304 1602717977
2 1602732612 1602734541
2 1602608396 1602609298
2 1602691200 1602693308
2 1602505174 1602510086
2 1602743515 1602743683
2 1602446313 1602446995
2 1602768004 1602769614
2 1602422112 1602425900
2 1602771392 1602774378
2 1602563793 1602563870
2 1602412501 1602413865
2 1602664134 1602664540
2 1602729215 1602730685
2 1602458497 1602460081
2 1602398554 1602401025
2 1602594250 1602596512
2 1602556943 1602557441
2 1602408186 1602409118
2 1602743885 1602744924
2 1602828135 1602831338
2 1602446995 1602448702
2 1602827656 1602828012
2 1602502209 1602504398
2 1602657423 1602657553
2 1602814227 1602816447
2 1602664540 1602664620
2 1602665108 1602666804
2 1602551268 1602553427
2 1602737308 1602738360
2 1602741258 1602743515
2 1602448702 1602450610
2 1602701721 1602702334
3 1602617474 1602617945
3 1602686797 1602691286
3 1602361973 1602363507
3 1602675431 1602677260
3 1602363507 1602363768
3 1602844734 1602845668
3 1602661267 1602662571
3 1602707243 1602707264
3 1602402307 1602405761
3 1602406457 1602406618
3 1602692250 1602693660
3 1602571941 1602572346
3 1602633879 1602634721
3 1602615143 1602615829
3 1602516363 1602516760
3 1602559185 1602561901
3 1602368446 1602369598
3 1602499735 1602501977
3 1602585833 1602586319
3 1602449780 1602449961
3 1602399214 1602400054
3 1602800032 1602804596
3 1602617413 1602617450
3 1602671200 1602671677
3 1602576139 1602576351
3 1602406329 1602406457
3 1602643870 1602644424
3 1602437679 1602437787
4 1602642217 1602643476
4 1602679865 1602680539
4 1602524959 1602526390
4 1602757100 1602757523
4 1602637376 1602639017
4 1602465555 1602466390
4 1602601085 1602601700
4 1602507655 1602508304
4 1602815299 1602816644
4 1602423847 1602431524
4 1602764432 1602764581
4 1602796856 1602796946
4 1602527574 1602530061
4 1602456825 1602457462
4 1602589782 1602590551
4 1602390847 1602392913
4 1602511154 1602511802
4 1602833321 1602833819
4 1602489988 1602491957
4 1602600573 1602600736
4 1602591439 1602592103
4 1602455045 1602456396
4 1602521501 1602522005
4 1602508304 1602509870
4 1602368097 1602368602
4 1602623017 1602625418
4 1602441337 1602442480
4 1602830071 1602830892
4 1602716924 1602720136
4 1602676645 1602679086
4 1602616626 1602618189
5 1602680560 1602680683
5 1602650815 1602651105
5 1602377372 1602379291
5 1602548098 1602549977
5 1602697637 1602697850
5 1602365197 1602365972
5 1602797265 1602803864
5 1602718932 1602719584
5 1602609116 1602609542
5 1602529891 1602531143
5 1602509899 1602510066
5 1602520915 1602521421
5 1602827628 1602828427
5 1602510066 1602514862
5 1602491564 1602491990
5 1602456617 1602459859
5 1602646223 1602648232
5 1602723168 1602724698
5 1602354076 1602356507
5 1602490945 1602491119
5 1602566444 1602567350
5 1602514862 1602515661
5 1602507994 1602509356
5 1602585561 1602587122
5 1602607209 1602608849
5 1602569648 1602570083
5 1602395232 1602395906
5 1602768455 1602770982
5 1602349130 1602351290
5 1602789441 1602790261
5 1602495962 1602496482
5 1602357365 1602357569
5 1602784956 1602785711
5 1602651105 1602651969
5 1602524190 1602525353
5 1602427679 1602430068
5 1602663545 1602667361
5 1602519958 1602520294
6 1602837240 1602838734
6 1602755068 1602755496
6 1602353000 1602355449
6 1602496025 1602498217
6 1602593199 1602593385
6 1602833260 1602833371
6 1602803477 1602807295
6 1602738127 1602738704
6 1602367698 1602368249
6 1602399542 1602400927
6 1602635689 1602637688
6 1602779734 1602780621
6 1602375719 1602375724
6 1602774008 1602775255
6 1602433283 1602434191
6 1602718093 1602720375
6 1602657525 1602657825
6 1602827468 1602827746
6 1602737522 1602737593
6 1602596527 1602596531
6 1602563098 1602563400
6 1602717353 1602718093
6 1602798757 1602799093
6 1602795661 1602796128
6 1602445280 1602449151
6 1602357939 1602361003
6 1602394806 1602395753
6 1602765255 1602767369
6 1602363029 1602363171
6 1602709674 1602710186
6 1602371274 1602373035
6 1602809972 1602814818
6 1602599672 1602600096
6 1602705721 1602709434
6 1602508072 1602508533
6 1602681188 1602681422
6 1602579346 1602579583
7 1602564807 1602565161
7 1602489581 1602490656
7 1602751132 1602752129
7 1602373055 1602377246
7 1602831499 1602833344
7 1602649556 1602650631
7 1602630288 1602630300
7 1602697446 1602699566
7 1602350332 1602351049
7 1602653291 1602655197
7 1602658533 1602658947
7 1602531518 1602532919
7 1602642322 1602642675
7 1602828179 1602829639
7 1602501430 1602501494
7 1602566653 1602574958
7 1602574958 1602581410
7 1602611870 1602612308
7 1602494043 1602495768
7 1602648348 1602648715
7 1602372455 1602372462
7 1602655197 1602655753
7 1602669276 1602670619
7 1602645630 1602645934
7 1602612709 1602616489
7 1602491377 1602494043
7 1602548513 1602548764
7 1602501494 1602504406
7 1602507029 1602508075
7 1602637643 1602638784
7 1602606645 1602606738
7 1602417626 1602418136
7 1602457946 1602458355
7 1602822312 1602822966
7 1602720566 1602721318
7 1602674472 1602676565
7 1602740286 1602744967
7 1602707495 1602707499
8 1602471536 1602474198
8 1602690319 1602690659
8 1602496875 1602498261
8 1602461897 1602462618
8 1602678725 1602679088
8 1602653774 1602654316
8 1602725928 1602727123
8 1602787429 1602788518
8 1602488790 1602491532
8 1602612423 1602612668
8 1602835693 1602836331
8 1602670344 1602670980
8 1602717802 1602718815
8 1602750280 1602751853
8 1602458966 1602461897
8 1602539514 1602540062
8 1602585182 1602585546
8 1602388960 1602389772
8 1602754964 1602755441
8 1602506428 1602506690
8 1602761194 1602761634
8 1602677077 1602678356
8 1602328291 1602328826
8 1602436568 1602436997
8 1602702041 1602702505
8 1602479922 1602482545
8 1602349020 1602349809
8 1602623886 1602624151
8 1602586715 1602587525
8 1602347541 1602347661
8 1602796544 1602797037
8 1602791768 1602792559
8 1602656143 1602656333
9 1602488199 1602489777
9 1602595162 1602595433
9 1602741802 1602742459
9 1602775363 1602775762
9 1602523487 1602523815
9 1602834544 1602836193
9 1602451937 1602452480
9 1602760707 1602760710
9 1602759707 1602760639
9 1602794694 1602795389
9 1602674722 1602676367
9 1602547743 1602547793
9 1602593132 1602595064
9 1602749814 1602749883
9 1602745019 1602746073
9 1602497944 1602499840
9 1602359327 1602360185
9 1602746073 1602748211
9 1602383279 1602383506
9 1602674703 1602674722
9 1602756882 1602757088
9 1602825156 1602827207
9 1602545745 1602546612
9 1602451449 1602451937
9 1602431505 1602431651
9 1602421134 1602422797
9 1602546612 1602547743
9 1602381262 1602381800
9 1602552825 1602554826
9 1602609412 1602609895
9 1602676367 1602677576
9 1602379169 1602381262
9 1602808716 1602810674
9 1602577488 1602577954
9 1602772410 1602773030
9 1602329328 1602331069
10 1602474662 1602474781
10 1602559443 1602559939
10 1602471755 1602473694
10 1602572445 1602575764
10 1602376050 1602376482
10 1602843069 1602844579
10 1602445830 1602447450
10 1602778490 1602780535
10 1602646959 1602647571
10 1602749352 1602755286
10 1602504974 1602505679
10 1602525513 1602528372
10 1602755760 1602760692
10 1602458689 1602459186
10 1602534311 1602537192
10 1602633086 1602635412
10 1602474590 1602474662
10 1602386477 1602389775
10 1602551984 1602554075
10 1602618591 1602621793
10 1602575764 1602576214
10 1602355646 1602356988
11 1602473731 1602474173
11 1602737731 1602739053
11 1602656158 1602657134
11 1602676688 1602676909
11 1602527498 1602529320
11 1602408995 1602409422
11 1602829802 1602831857
11 1602438260 1602440735
11 1602535356 1602538298
11 1602810127 1602812190
11 1602762633 1602763832
11 1602665425 1602665666
11 1602653847 1602654982
11 1602366346 1602366672
11 1602339217 1602339466
11 1602491001 1602493015
11 1602623831 1602623889
11 1602787615 1602788316
11 1602623889 1602623938
11 1602691277 1602692448
11 1602643703 1602645093
11 1602768721 1602769615
11 1602334346 1602334554
11 1602533755 1602533831
11 1602668752 1602670162
11 1602589821 1602589952
12 1602733088 1602733926
12 1602386785 1602388748
12 1602453668 1602453740
12 1602839644 1602840867
12 1602784530 1602785233
12 1602743255 1602743337
12 1602523979 1602532906
12 1602612135 1602614312
12 1602749895 1602750230
12 1602330391 1602331646
12 1602465679 1602466623
12 1602599811 1602603188
12 1602346712 1602346782
12 1602434927 1602434946
12 1602443615 1602445812
12 1602773038 1602774313
12 1602644717 1602645774
12 1602549061 1602549063
12 1602462213 1602462318
12 1602337934 1602338525
13 1602536712 1602537733
13 1602640673 1602641984
13 1602741101 1602741607
13 1602523461 1602524664
13 1602775613 1602780816
13 1602654670 1602654731
13 1602418336 1602421397
13 1602377276 1602378233
13 1602646246 1602650916
13 1602508498 1602509376
13 1602577463 1602579770
13 1602637338 1602638714
13 1602592480 1602592733
13 1602706299 1602706543
13 1602409316 1602409621
13 1602704153 1602704190
13 1602445074 1602447623
13 1602595514 1602597313
13 1602611069 1602611143
13 1602796035 1602796842
13 1602402849 1602402877
13 1602749678 1602752225
13 1602409635 1602410228
13 1602839785 1602841608
13 1602797373 1602800974
13 1602603361 1602603955
13 1602381878 1602382476
13 1602605732 1602606013
13 1602665782 1602666821
13 1602673501 1602673849
13 1602832658 1602832988
13 1602680023 1602682232
13 1602710337 1602713954
14 1602686113 1602686269
14 1602545960 1602547728
14 1602653206 1602655663
14 1602752282 1602752423
14 1602733910 1602739009
14 1602587198 1602588047
14 1602767151 1602767689
14 1602823434 1602823480
14 1602469750 1602470965
14 1602333993 1602334937
14 1602583437 1602587198
14 1602472348 1602474384
14 1602575746 1602576026
14 1602523515 1602524173
14 1602777222 1602777622
14 1602617489 1602618895
14 1602391370 1602392963
14 1602527593 1602528625
14 1602384838 1602386622
14 1602498634 1602498857
14 1602601338 1602602019
14 1602758260 1602758961
14 1602418471 1602419271
14 1602589090 1602590226
15 1602403113 1602403520
15 1602765553 1602766978
15 1602460391 1602460762
15 1602619672 1602619847
15 1602555057 1602555465
15 1602472903 1602474222
15 1602413038 1602415583
15 1602664132 1602664811
15 1602535577 1602535751
15 1602577621 1602577939
15 1602714857 1602715056
15 1602818328 1602818814
15 1602362863 1602364756
15 1602445190 1602446657
15 1602813286 1602814267
15 1602393529 1602393895
15 1602376450 1602377694
15 1602662200 1602662607
15 1602792956 1602795284
15 1602629663 1602630584
15 1602631176 1602634476
15 1602385081 1602386336
15 1602568555 1602568754
15 1602835544 1602835665
15 1602494666 1602495935
15 1602535751 1602540225
15 1602402806 1602403113
15 1602771027 1602772184
15 1602618542 1602619672
15 1602621559 1602624480
16 1602619983 1602620802
16 1602585048 1602585962
16 1602840164 1602840693
16 1602367840 1602368631
16 1602495015 1602495692
16 1602820112 1602820427
16 1602800415 1602800621
16 1602575821 1602579044
16 1602635768 1602638862
16 1602597735 1602598752
16 1602579189 1602581286
16 1602759914 1602760508
16 1602512497 1602518553
16 1602667831 1602668175
16 1602699461 1602703143
16 1602523298 1602523719
16 1602841701 1602842015
16 1602692883 1602695068
16 1602659050 1602662048
16 1602363321 1602363372
16 1602406972 1602407430
16 1602504786 1602505243
16 1602521572 1602522914
16 1602329619 1602329769
16 1602678747 1602679389
16 1602397342 1602405948
16 1602331225 1602333678
16 1602421237 1602425467
16 1602840693 1602841701
16 1602459989 1602461004
16 1602820427 1602820905
16 1602538909 1602539869
17 1602779596 1602779675
17 1602736916 1602737829
17 1602460530 1602461708
17 1602727447 1602729642
17 1602445525 1602445906
17 1602422791 1602423100
17 1602462708 1602463671
17 1602673386 1602673396
17 1602431892 1602436385
17 1602774409 1602774451
17 1602525243 1602525793
17 1602508001 1602508219
17 1602587537 1602587638
17 1602604106 1602607555
17 1602515291 1602515812
17 1602486509 1602487417
17 1602491542 1602494428
17 1602600067 1602601553
17 1602423457 1602425454
17 1602812829 1602812850
17 1602448856 1602449531
17 1602416493 1602418920
17 1602586577 1602587537
17 1602653372 1602654639
17 1602692309 1602693039
17 1602714238 1602719376
17 1602526769 1602530393
17 1602454335 1602454577
17 1602400692 1602404227
17 1602512536 1602512776
17 1602735679 1602735750
17 1602512776 1602513235
17 1602406726 1602407519
17 1602719376 1602719616
17 1602819355 1602819843
17 1602560967 1602562445
17 1602671856 1602672787
17 1602446295 1602447508
17 1602591873 1602591971
18 1602527389 1602528171
18 1602682708 1602684564
18 1602333236 1602333737
18 1602526856 1602527056
18 1602463245 1602466222
18 1602607323 1602608663
18 1602843492 1602844133
18 1602487148 1602492080
18 1602751841 1602752834
18 1602736459 1602736607
18 1602473450 1602475289
18 1602397539 1602399199
18 1602375261 1602376700
18 1602654666 1602654960
18 1602694779 1602698001
18 1602730299 1602730743
18 1602815696 1602816115
18 1602580426 1602581534
18 1602784211 1602784893
18 1602513233 1602513664
18 1602772532 1602773507
18 1602635542 1602637488
18 1602794123 1602797380
18 1602383565 1602385799
18 1602534236 1602535852
18 1602800932 1602801881
19 1602352803 1602352962
19 1602519092 1602521311
19 1602654901 1602656579
19 1602736695 1602736917
19 1602476599 1602477009
19 1602670905 1602672234
19 1602721443 1602722449
19 1602482691 1602483201
19 1602753009 1602758318
19 1602693361 1602694396
19 1602832874 1602834018
19 1602604719 1602604888
19 1602412788 1602415779
19 1602725057 1602727099
19 1602642545 1602642694
19 1602686610 1602689754
19 1602467682 1602468432
19 1602500851 1602501061
19 1602665104 1602665575
19 1602517464 1602519092
19 1602606720 1602607376
19 1602403177 1602403455
19 1602764115 1602765650
19 1602603673 1602604719
19 1602777401 1602781657
19 1602497550 1602498045
19 1602415779 1602416854
19 1602540183 1602540276
19 1602800402 1602800507
19 1602748271 1602748301
19 1602483201 1602484355
19 1602604888 1602606720
19 1602418773 1602421706
19 1602411220 1602411272
